(kicad_pcb (version 20171130) (host pcbnew "(5.1.6)-1")

  (general
    (thickness 1.6)
    (drawings 10)
    (tracks 0)
    (zones 0)
    (modules 14)
    (nets 1)
  )

  (page A4)
  (layers
    (0 F.Cu signal)
    (31 B.Cu signal)
    (32 B.Adhes user)
    (33 F.Adhes user)
    (34 B.Paste user)
    (35 F.Paste user)
    (36 B.SilkS user)
    (37 F.SilkS user)
    (38 B.Mask user)
    (39 F.Mask user)
    (40 Dwgs.User user)
    (41 Cmts.User user)
    (42 Eco1.User user)
    (43 Eco2.User user)
    (44 Edge.Cuts user)
    (45 Margin user)
    (46 B.CrtYd user)
    (47 F.CrtYd user)
    (48 B.Fab user)
    (49 F.Fab user)
  )

  (setup
    (last_trace_width 0.25)
    (user_trace_width 0.25)
    (user_trace_width 0.4)
    (user_trace_width 0.6)
    (trace_clearance 0.2)
    (zone_clearance 0.508)
    (zone_45_only no)
    (trace_min 0.2)
    (via_size 0.8)
    (via_drill 0.4)
    (via_min_size 0.4)
    (via_min_drill 0.3)
    (uvia_size 0.3)
    (uvia_drill 0.1)
    (uvias_allowed no)
    (uvia_min_size 0.2)
    (uvia_min_drill 0.1)
    (edge_width 0.05)
    (segment_width 0.2)
    (pcb_text_width 0.3)
    (pcb_text_size 1.5 1.5)
    (mod_edge_width 0.12)
    (mod_text_size 1 1)
    (mod_text_width 0.15)
    (pad_size 1.524 1.524)
    (pad_drill 0.762)
    (pad_to_mask_clearance 0.051)
    (solder_mask_min_width 0.25)
    (aux_axis_origin 0 0)
    (grid_origin 95.25 63.5)
    (visible_elements 7FFFFFFF)
    (pcbplotparams
      (layerselection 0x010f0_ffffffff)
      (usegerberextensions true)
      (usegerberattributes false)
      (usegerberadvancedattributes false)
      (creategerberjobfile false)
      (excludeedgelayer true)
      (linewidth 0.100000)
      (plotframeref false)
      (viasonmask false)
      (mode 1)
      (useauxorigin false)
      (hpglpennumber 1)
      (hpglpenspeed 20)
      (hpglpendiameter 15.000000)
      (psnegative false)
      (psa4output false)
      (plotreference true)
      (plotvalue true)
      (plotinvisibletext false)
      (padsonsilk false)
      (subtractmaskfromsilk true)
      (outputformat 1)
      (mirror false)
      (drillshape 0)
      (scaleselection 1)
      (outputdirectory "../GERBER/v2.1/I-quamoclit-top_stick.v2.1"))
  )

  (net 0 "")

  (net_class Default "これはデフォルトのネット クラスです。"
    (clearance 0.2)
    (trace_width 0.25)
    (via_dia 0.8)
    (via_drill 0.4)
    (uvia_dia 0.3)
    (uvia_drill 0.1)
  )

  (net_class Power ""
    (clearance 0.2)
    (trace_width 0.6)
    (via_dia 0.8)
    (via_drill 0.4)
    (uvia_dia 0.3)
    (uvia_drill 0.1)
  )

  (module Ipomoea-library:Ipomoea-quamoclit_Base_SUPPORT_SCREW_THRU_HOLEx3_TopPillar_NPTH (layer F.Cu) (tedit 5F6730C5) (tstamp 5F67A218)
    (at 77.7875 82.55 180)
    (fp_text reference REF**__02001 (at 0 3.175) (layer Dwgs.User)
      (effects (font (size 1 1) (thickness 0.15)))
    )
    (fp_text value Ipomoea-quamoclit_Base_SUPPORT_SCREW_THRU_HOLEx3_TopPillar (at 0 -3.175) (layer F.Fab)
      (effects (font (size 1 1) (thickness 0.15)))
    )
    (fp_circle (center 1.5875 -3.175) (end 2.6375 -3.175) (layer Eco1.User) (width 0.12))
    (fp_line (start 4.0125 -7) (end 4.0125 7) (layer Eco1.User) (width 0.12))
    (fp_line (start -2.425 7) (end -2.425 -7) (layer Eco1.User) (width 0.12))
    (fp_circle (center 1.5875 3.175) (end 2.6375 3.175) (layer Eco1.User) (width 0.12))
    (fp_circle (center 1.5875 -9.525) (end 2.6375 -9.525) (layer Eco1.User) (width 0.12))
    (pad "" np_thru_hole circle (at 0 6.35 90) (size 2.1 2.1) (drill 2.1) (layers *.Cu *.Mask))
    (pad "" np_thru_hole circle (at 0 0 180) (size 2.1 2.1) (drill 2.1) (layers *.Cu *.Mask))
    (pad "" np_thru_hole circle (at 0 -6.35 270) (size 2.1 2.1) (drill 2.1) (layers *.Cu *.Mask))
  )

  (module Ipomoea-library:Ipomoea-quamoclit_Base_SUPPORT_SCREW_THRU_HOLEx3_TopPillar_NPTH (layer F.Cu) (tedit 5F6730C5) (tstamp 5F67A20D)
    (at 77.7875 101.6 180)
    (fp_text reference REF**__02001 (at 0 3.175) (layer Dwgs.User)
      (effects (font (size 1 1) (thickness 0.15)))
    )
    (fp_text value Ipomoea-quamoclit_Base_SUPPORT_SCREW_THRU_HOLEx3_TopPillar (at 0 -3.175) (layer F.Fab)
      (effects (font (size 1 1) (thickness 0.15)))
    )
    (fp_circle (center 1.5875 -9.525) (end 2.6375 -9.525) (layer Eco1.User) (width 0.12))
    (fp_circle (center 1.5875 3.175) (end 2.6375 3.175) (layer Eco1.User) (width 0.12))
    (fp_line (start -2.425 7) (end -2.425 -7) (layer Eco1.User) (width 0.12))
    (fp_line (start 4.0125 -7) (end 4.0125 7) (layer Eco1.User) (width 0.12))
    (fp_circle (center 1.5875 -3.175) (end 2.6375 -3.175) (layer Eco1.User) (width 0.12))
    (pad "" np_thru_hole circle (at 0 -6.35 270) (size 2.1 2.1) (drill 2.1) (layers *.Cu *.Mask))
    (pad "" np_thru_hole circle (at 0 0 180) (size 2.1 2.1) (drill 2.1) (layers *.Cu *.Mask))
    (pad "" np_thru_hole circle (at 0 6.35 90) (size 2.1 2.1) (drill 2.1) (layers *.Cu *.Mask))
  )

  (module Ipomoea-library:Ipomoea-quamoclit_Base_SUPPORT_SCREW_THRU_HOLEx3_TopPillar_NPTH (layer F.Cu) (tedit 5F6730C5) (tstamp 5F67A202)
    (at 77.7875 139.7 180)
    (fp_text reference REF**__02001 (at 0 3.175) (layer Dwgs.User)
      (effects (font (size 1 1) (thickness 0.15)))
    )
    (fp_text value Ipomoea-quamoclit_Base_SUPPORT_SCREW_THRU_HOLEx3_TopPillar (at 0 -3.175) (layer F.Fab)
      (effects (font (size 1 1) (thickness 0.15)))
    )
    (fp_circle (center 1.5875 -3.175) (end 2.6375 -3.175) (layer Eco1.User) (width 0.12))
    (fp_line (start 4.0125 -7) (end 4.0125 7) (layer Eco1.User) (width 0.12))
    (fp_line (start -2.425 7) (end -2.425 -7) (layer Eco1.User) (width 0.12))
    (fp_circle (center 1.5875 3.175) (end 2.6375 3.175) (layer Eco1.User) (width 0.12))
    (fp_circle (center 1.5875 -9.525) (end 2.6375 -9.525) (layer Eco1.User) (width 0.12))
    (pad "" np_thru_hole circle (at 0 6.35 90) (size 2.1 2.1) (drill 2.1) (layers *.Cu *.Mask))
    (pad "" np_thru_hole circle (at 0 0 180) (size 2.1 2.1) (drill 2.1) (layers *.Cu *.Mask))
    (pad "" np_thru_hole circle (at 0 -6.35 270) (size 2.1 2.1) (drill 2.1) (layers *.Cu *.Mask))
  )

  (module Ipomoea-library:Ipomoea-quamoclit_Base_SUPPORT_SCREW_THRU_HOLEx3_TopPillar_NPTH (layer F.Cu) (tedit 5F6730C5) (tstamp 5F67A1F7)
    (at 77.7875 158.75 180)
    (fp_text reference REF**__02001 (at 0 3.175) (layer Dwgs.User)
      (effects (font (size 1 1) (thickness 0.15)))
    )
    (fp_text value Ipomoea-quamoclit_Base_SUPPORT_SCREW_THRU_HOLEx3_TopPillar (at 0 -3.175) (layer F.Fab)
      (effects (font (size 1 1) (thickness 0.15)))
    )
    (fp_circle (center 1.5875 -3.175) (end 2.6375 -3.175) (layer Eco1.User) (width 0.12))
    (fp_line (start 4.0125 -7) (end 4.0125 7) (layer Eco1.User) (width 0.12))
    (fp_line (start -2.425 7) (end -2.425 -7) (layer Eco1.User) (width 0.12))
    (fp_circle (center 1.5875 3.175) (end 2.6375 3.175) (layer Eco1.User) (width 0.12))
    (fp_circle (center 1.5875 -9.525) (end 2.6375 -9.525) (layer Eco1.User) (width 0.12))
    (pad "" np_thru_hole circle (at 0 6.35 90) (size 2.1 2.1) (drill 2.1) (layers *.Cu *.Mask))
    (pad "" np_thru_hole circle (at 0 0 180) (size 2.1 2.1) (drill 2.1) (layers *.Cu *.Mask))
    (pad "" np_thru_hole circle (at 0 -6.35 270) (size 2.1 2.1) (drill 2.1) (layers *.Cu *.Mask))
  )

  (module Ipomoea-library:Ipomoea-quamoclit_Base_SUPPORT_SCREW_THRU_HOLEx3_TopPillar_NPTH (layer F.Cu) (tedit 5F6730C5) (tstamp 5F67A1EC)
    (at 77.7875 177.8 180)
    (fp_text reference REF**__02001 (at 0 3.175) (layer Dwgs.User)
      (effects (font (size 1 1) (thickness 0.15)))
    )
    (fp_text value Ipomoea-quamoclit_Base_SUPPORT_SCREW_THRU_HOLEx3_TopPillar (at 0 -3.175) (layer F.Fab)
      (effects (font (size 1 1) (thickness 0.15)))
    )
    (fp_circle (center 1.5875 -9.525) (end 2.6375 -9.525) (layer Eco1.User) (width 0.12))
    (fp_circle (center 1.5875 3.175) (end 2.6375 3.175) (layer Eco1.User) (width 0.12))
    (fp_line (start -2.425 7) (end -2.425 -7) (layer Eco1.User) (width 0.12))
    (fp_line (start 4.0125 -7) (end 4.0125 7) (layer Eco1.User) (width 0.12))
    (fp_circle (center 1.5875 -3.175) (end 2.6375 -3.175) (layer Eco1.User) (width 0.12))
    (pad "" np_thru_hole circle (at 0 -6.35 270) (size 2.1 2.1) (drill 2.1) (layers *.Cu *.Mask))
    (pad "" np_thru_hole circle (at 0 0 180) (size 2.1 2.1) (drill 2.1) (layers *.Cu *.Mask))
    (pad "" np_thru_hole circle (at 0 6.35 90) (size 2.1 2.1) (drill 2.1) (layers *.Cu *.Mask))
  )

  (module Ipomoea-library:Ipomoea-quamoclit_Base_SUPPORT_SCREW_THRU_HOLEx3_TopPillar_NPTH (layer F.Cu) (tedit 5F6730C5) (tstamp 5F67A1E1)
    (at 77.7875 63.5 180)
    (fp_text reference REF**__02001 (at 0 3.175) (layer Dwgs.User)
      (effects (font (size 1 1) (thickness 0.15)))
    )
    (fp_text value Ipomoea-quamoclit_Base_SUPPORT_SCREW_THRU_HOLEx3_TopPillar (at 0 -3.175) (layer F.Fab)
      (effects (font (size 1 1) (thickness 0.15)))
    )
    (fp_circle (center 1.5875 -3.175) (end 2.6375 -3.175) (layer Eco1.User) (width 0.12))
    (fp_line (start 4.0125 -7) (end 4.0125 7) (layer Eco1.User) (width 0.12))
    (fp_line (start -2.425 7) (end -2.425 -7) (layer Eco1.User) (width 0.12))
    (fp_circle (center 1.5875 3.175) (end 2.6375 3.175) (layer Eco1.User) (width 0.12))
    (fp_circle (center 1.5875 -9.525) (end 2.6375 -9.525) (layer Eco1.User) (width 0.12))
    (pad "" np_thru_hole circle (at 0 6.35 90) (size 2.1 2.1) (drill 2.1) (layers *.Cu *.Mask))
    (pad "" np_thru_hole circle (at 0 0 180) (size 2.1 2.1) (drill 2.1) (layers *.Cu *.Mask))
    (pad "" np_thru_hole circle (at 0 -6.35 270) (size 2.1 2.1) (drill 2.1) (layers *.Cu *.Mask))
  )

  (module Ipomoea-library:Ipomoea-quamoclit_Base_SUPPORT_SCREW_THRU_HOLEx3_TopPillar_NPTH (layer F.Cu) (tedit 5F6730C5) (tstamp 5F67A1D6)
    (at 77.7875 120.65 180)
    (fp_text reference REF**__02001 (at 0 3.175) (layer Dwgs.User)
      (effects (font (size 1 1) (thickness 0.15)))
    )
    (fp_text value Ipomoea-quamoclit_Base_SUPPORT_SCREW_THRU_HOLEx3_TopPillar (at 0 -3.175) (layer F.Fab)
      (effects (font (size 1 1) (thickness 0.15)))
    )
    (fp_circle (center 1.5875 -9.525) (end 2.6375 -9.525) (layer Eco1.User) (width 0.12))
    (fp_circle (center 1.5875 3.175) (end 2.6375 3.175) (layer Eco1.User) (width 0.12))
    (fp_line (start -2.425 7) (end -2.425 -7) (layer Eco1.User) (width 0.12))
    (fp_line (start 4.0125 -7) (end 4.0125 7) (layer Eco1.User) (width 0.12))
    (fp_circle (center 1.5875 -3.175) (end 2.6375 -3.175) (layer Eco1.User) (width 0.12))
    (pad "" np_thru_hole circle (at 0 -6.35 270) (size 2.1 2.1) (drill 2.1) (layers *.Cu *.Mask))
    (pad "" np_thru_hole circle (at 0 0 180) (size 2.1 2.1) (drill 2.1) (layers *.Cu *.Mask))
    (pad "" np_thru_hole circle (at 0 6.35 90) (size 2.1 2.1) (drill 2.1) (layers *.Cu *.Mask))
  )

  (module Ipomoea-library:Ipomoea-quamoclit_Base_SUPPORT_SCREW_THRU_HOLEx3_TopPillar_NPTH (layer F.Cu) (tedit 5F6730C5) (tstamp 5F679E50)
    (at 77.7875 85.725 180)
    (fp_text reference REF**__02001 (at 0 3.175) (layer Dwgs.User)
      (effects (font (size 1 1) (thickness 0.15)))
    )
    (fp_text value Ipomoea-quamoclit_Base_SUPPORT_SCREW_THRU_HOLEx3_TopPillar (at 0 -3.175) (layer F.Fab)
      (effects (font (size 1 1) (thickness 0.15)))
    )
    (fp_circle (center 1.5875 -9.525) (end 2.6375 -9.525) (layer Eco1.User) (width 0.12))
    (fp_circle (center 1.5875 3.175) (end 2.6375 3.175) (layer Eco1.User) (width 0.12))
    (fp_line (start -2.425 7) (end -2.425 -7) (layer Eco1.User) (width 0.12))
    (fp_line (start 4.0125 -7) (end 4.0125 7) (layer Eco1.User) (width 0.12))
    (fp_circle (center 1.5875 -3.175) (end 2.6375 -3.175) (layer Eco1.User) (width 0.12))
    (pad "" np_thru_hole circle (at 0 -6.35 270) (size 2.1 2.1) (drill 2.1) (layers *.Cu *.Mask))
    (pad "" np_thru_hole circle (at 0 0 180) (size 2.1 2.1) (drill 2.1) (layers *.Cu *.Mask))
    (pad "" np_thru_hole circle (at 0 6.35 90) (size 2.1 2.1) (drill 2.1) (layers *.Cu *.Mask))
  )

  (module Ipomoea-library:Ipomoea-quamoclit_Base_SUPPORT_SCREW_THRU_HOLEx3_TopPillar_NPTH (layer F.Cu) (tedit 5F6730C5) (tstamp 5F679E7C)
    (at 77.7875 66.675 180)
    (fp_text reference REF**__02001 (at 0 3.175) (layer Dwgs.User)
      (effects (font (size 1 1) (thickness 0.15)))
    )
    (fp_text value Ipomoea-quamoclit_Base_SUPPORT_SCREW_THRU_HOLEx3_TopPillar (at 0 -3.175) (layer F.Fab)
      (effects (font (size 1 1) (thickness 0.15)))
    )
    (fp_circle (center 1.5875 -9.525) (end 2.6375 -9.525) (layer Eco1.User) (width 0.12))
    (fp_circle (center 1.5875 3.175) (end 2.6375 3.175) (layer Eco1.User) (width 0.12))
    (fp_line (start -2.425 7) (end -2.425 -7) (layer Eco1.User) (width 0.12))
    (fp_line (start 4.0125 -7) (end 4.0125 7) (layer Eco1.User) (width 0.12))
    (fp_circle (center 1.5875 -3.175) (end 2.6375 -3.175) (layer Eco1.User) (width 0.12))
    (pad "" np_thru_hole circle (at 0 -6.35 270) (size 2.1 2.1) (drill 2.1) (layers *.Cu *.Mask))
    (pad "" np_thru_hole circle (at 0 0 180) (size 2.1 2.1) (drill 2.1) (layers *.Cu *.Mask))
    (pad "" np_thru_hole circle (at 0 6.35 90) (size 2.1 2.1) (drill 2.1) (layers *.Cu *.Mask))
  )

  (module Ipomoea-library:Ipomoea-quamoclit_Base_SUPPORT_SCREW_THRU_HOLEx3_TopPillar_NPTH (layer F.Cu) (tedit 5F6730C5) (tstamp 5F679E5B)
    (at 77.7875 104.775 180)
    (fp_text reference REF**__02001 (at 0 3.175) (layer Dwgs.User)
      (effects (font (size 1 1) (thickness 0.15)))
    )
    (fp_text value Ipomoea-quamoclit_Base_SUPPORT_SCREW_THRU_HOLEx3_TopPillar (at 0 -3.175) (layer F.Fab)
      (effects (font (size 1 1) (thickness 0.15)))
    )
    (fp_circle (center 1.5875 -3.175) (end 2.6375 -3.175) (layer Eco1.User) (width 0.12))
    (fp_line (start 4.0125 -7) (end 4.0125 7) (layer Eco1.User) (width 0.12))
    (fp_line (start -2.425 7) (end -2.425 -7) (layer Eco1.User) (width 0.12))
    (fp_circle (center 1.5875 3.175) (end 2.6375 3.175) (layer Eco1.User) (width 0.12))
    (fp_circle (center 1.5875 -9.525) (end 2.6375 -9.525) (layer Eco1.User) (width 0.12))
    (pad "" np_thru_hole circle (at 0 6.35 90) (size 2.1 2.1) (drill 2.1) (layers *.Cu *.Mask))
    (pad "" np_thru_hole circle (at 0 0 180) (size 2.1 2.1) (drill 2.1) (layers *.Cu *.Mask))
    (pad "" np_thru_hole circle (at 0 -6.35 270) (size 2.1 2.1) (drill 2.1) (layers *.Cu *.Mask))
  )

  (module Ipomoea-library:Ipomoea-quamoclit_Base_SUPPORT_SCREW_THRU_HOLEx3_TopPillar_NPTH (layer F.Cu) (tedit 5F6730C5) (tstamp 5F679E2F)
    (at 77.7875 123.825 180)
    (fp_text reference REF**__02001 (at 0 3.175) (layer Dwgs.User)
      (effects (font (size 1 1) (thickness 0.15)))
    )
    (fp_text value Ipomoea-quamoclit_Base_SUPPORT_SCREW_THRU_HOLEx3_TopPillar (at 0 -3.175) (layer F.Fab)
      (effects (font (size 1 1) (thickness 0.15)))
    )
    (fp_circle (center 1.5875 -3.175) (end 2.6375 -3.175) (layer Eco1.User) (width 0.12))
    (fp_line (start 4.0125 -7) (end 4.0125 7) (layer Eco1.User) (width 0.12))
    (fp_line (start -2.425 7) (end -2.425 -7) (layer Eco1.User) (width 0.12))
    (fp_circle (center 1.5875 3.175) (end 2.6375 3.175) (layer Eco1.User) (width 0.12))
    (fp_circle (center 1.5875 -9.525) (end 2.6375 -9.525) (layer Eco1.User) (width 0.12))
    (pad "" np_thru_hole circle (at 0 6.35 90) (size 2.1 2.1) (drill 2.1) (layers *.Cu *.Mask))
    (pad "" np_thru_hole circle (at 0 0 180) (size 2.1 2.1) (drill 2.1) (layers *.Cu *.Mask))
    (pad "" np_thru_hole circle (at 0 -6.35 270) (size 2.1 2.1) (drill 2.1) (layers *.Cu *.Mask))
  )

  (module Ipomoea-library:Ipomoea-quamoclit_Base_SUPPORT_SCREW_THRU_HOLEx3_TopPillar_NPTH (layer F.Cu) (tedit 5F6730C5) (tstamp 5F679E24)
    (at 77.7875 142.875 180)
    (fp_text reference REF**__02001 (at 0 3.175) (layer Dwgs.User)
      (effects (font (size 1 1) (thickness 0.15)))
    )
    (fp_text value Ipomoea-quamoclit_Base_SUPPORT_SCREW_THRU_HOLEx3_TopPillar (at 0 -3.175) (layer F.Fab)
      (effects (font (size 1 1) (thickness 0.15)))
    )
    (fp_circle (center 1.5875 -9.525) (end 2.6375 -9.525) (layer Eco1.User) (width 0.12))
    (fp_circle (center 1.5875 3.175) (end 2.6375 3.175) (layer Eco1.User) (width 0.12))
    (fp_line (start -2.425 7) (end -2.425 -7) (layer Eco1.User) (width 0.12))
    (fp_line (start 4.0125 -7) (end 4.0125 7) (layer Eco1.User) (width 0.12))
    (fp_circle (center 1.5875 -3.175) (end 2.6375 -3.175) (layer Eco1.User) (width 0.12))
    (pad "" np_thru_hole circle (at 0 -6.35 270) (size 2.1 2.1) (drill 2.1) (layers *.Cu *.Mask))
    (pad "" np_thru_hole circle (at 0 0 180) (size 2.1 2.1) (drill 2.1) (layers *.Cu *.Mask))
    (pad "" np_thru_hole circle (at 0 6.35 90) (size 2.1 2.1) (drill 2.1) (layers *.Cu *.Mask))
  )

  (module Ipomoea-library:Ipomoea-quamoclit_Base_SUPPORT_SCREW_THRU_HOLEx3_TopPillar_NPTH (layer F.Cu) (tedit 5F6730C5) (tstamp 5F679E0D)
    (at 77.7875 161.925 180)
    (fp_text reference REF**__02001 (at 0 3.175) (layer Dwgs.User)
      (effects (font (size 1 1) (thickness 0.15)))
    )
    (fp_text value Ipomoea-quamoclit_Base_SUPPORT_SCREW_THRU_HOLEx3_TopPillar (at 0 -3.175) (layer F.Fab)
      (effects (font (size 1 1) (thickness 0.15)))
    )
    (fp_circle (center 1.5875 -9.525) (end 2.6375 -9.525) (layer Eco1.User) (width 0.12))
    (fp_circle (center 1.5875 3.175) (end 2.6375 3.175) (layer Eco1.User) (width 0.12))
    (fp_line (start -2.425 7) (end -2.425 -7) (layer Eco1.User) (width 0.12))
    (fp_line (start 4.0125 -7) (end 4.0125 7) (layer Eco1.User) (width 0.12))
    (fp_circle (center 1.5875 -3.175) (end 2.6375 -3.175) (layer Eco1.User) (width 0.12))
    (pad "" np_thru_hole circle (at 0 -6.35 270) (size 2.1 2.1) (drill 2.1) (layers *.Cu *.Mask))
    (pad "" np_thru_hole circle (at 0 0 180) (size 2.1 2.1) (drill 2.1) (layers *.Cu *.Mask))
    (pad "" np_thru_hole circle (at 0 6.35 90) (size 2.1 2.1) (drill 2.1) (layers *.Cu *.Mask))
  )

  (module Ipomoea-library:Ipomoea-quamoclit_Base_SUPPORT_SCREW_THRU_HOLEx3_TopPillar_NPTH (layer F.Cu) (tedit 5F6730C5) (tstamp 5F67344A)
    (at 77.7875 180.975 180)
    (fp_text reference REF**__02001 (at 0 3.175) (layer Dwgs.User)
      (effects (font (size 1 1) (thickness 0.15)))
    )
    (fp_text value Ipomoea-quamoclit_Base_SUPPORT_SCREW_THRU_HOLEx3_TopPillar (at 0 -3.175) (layer F.Fab)
      (effects (font (size 1 1) (thickness 0.15)))
    )
    (fp_circle (center 1.5875 -3.175) (end 2.6375 -3.175) (layer Eco1.User) (width 0.12))
    (fp_line (start 4.0125 -7) (end 4.0125 7) (layer Eco1.User) (width 0.12))
    (fp_line (start -2.425 7) (end -2.425 -7) (layer Eco1.User) (width 0.12))
    (fp_circle (center 1.5875 3.175) (end 2.6375 3.175) (layer Eco1.User) (width 0.12))
    (fp_circle (center 1.5875 -9.525) (end 2.6375 -9.525) (layer Eco1.User) (width 0.12))
    (pad "" np_thru_hole circle (at 0 6.35 90) (size 2.1 2.1) (drill 2.1) (layers *.Cu *.Mask))
    (pad "" np_thru_hole circle (at 0 0 180) (size 2.1 2.1) (drill 2.1) (layers *.Cu *.Mask))
    (pad "" np_thru_hole circle (at 0 -6.35 270) (size 2.1 2.1) (drill 2.1) (layers *.Cu *.Mask))
  )

  (gr_text Ipomoea-quamoclit-top_stick.v2.1 (at 75.1125 122.2375 270) (layer F.SilkS) (tstamp 5F6C9BCC)
    (effects (font (size 0.9 0.9) (thickness 0.2)))
  )
  (gr_text Ipomoea-quamoclit-top_stick.v2.1 (at 75.1125 122.2375 270) (layer B.SilkS) (tstamp 5F6C9BCB)
    (effects (font (size 0.9 0.9) (thickness 0.2)) (justify mirror))
  )
  (gr_arc (start 78.2125 189.1125) (end 78.2125 191.1125) (angle -90) (layer Edge.Cuts) (width 0.05) (tstamp 5F679EF6))
  (gr_line (start 75.775 191.1125) (end 78.2125 191.1125) (layer Edge.Cuts) (width 0.05) (tstamp 5F679EF5))
  (gr_line (start 78.2125 43.6125) (end 75.775 43.6125) (layer Edge.Cuts) (width 0.05) (tstamp 5F679EEA))
  (gr_arc (start 78.2125 45.6125) (end 80.2125 45.6125) (angle -90) (layer Edge.Cuts) (width 0.05) (tstamp 5F679EE4))
  (gr_line (start 80.2125 45.6125) (end 80.2125 189.1125) (layer Edge.Cuts) (width 0.05))
  (gr_arc (start 75.775 189.1125) (end 73.775 189.1125) (angle -90) (layer Edge.Cuts) (width 0.05) (tstamp 5F673457))
  (gr_line (start 73.775 45.6125) (end 73.775 189.1125) (layer Edge.Cuts) (width 0.05) (tstamp 5F673456))
  (gr_arc (start 75.775 45.6125) (end 75.775 43.6125) (angle -90) (layer Edge.Cuts) (width 0.05) (tstamp 5F673455))

  (zone (net 0) (net_name "") (layer F.Cu) (tstamp 0) (hatch edge 0.508)
    (connect_pads (clearance 0.508))
    (min_thickness 0.254)
    (fill yes (arc_segments 32) (thermal_gap 0.508) (thermal_bridge_width 0.508))
    (polygon
      (pts
        (xy 82.55 193.675) (xy 71.4375 193.675) (xy 71.4375 42.8625) (xy 82.55 42.8625)
      )
    )
    (filled_polygon
      (pts
        (xy 78.472159 44.301125) (xy 78.721929 44.376535) (xy 78.952292 44.499022) (xy 79.15448 44.663922) (xy 79.320786 44.86495)
        (xy 79.444878 45.094454) (xy 79.522031 45.343695) (xy 79.5525 45.633588) (xy 79.552501 189.080211) (xy 79.523875 189.37216)
        (xy 79.448465 189.621929) (xy 79.325977 189.852294) (xy 79.161079 190.054479) (xy 78.960046 190.220788) (xy 78.730546 190.344878)
        (xy 78.481305 190.422031) (xy 78.191411 190.4525) (xy 75.807279 190.4525) (xy 75.51534 190.423875) (xy 75.265571 190.348465)
        (xy 75.035206 190.225977) (xy 74.833021 190.061079) (xy 74.666712 189.860046) (xy 74.542622 189.630546) (xy 74.465469 189.381305)
        (xy 74.435 189.091411) (xy 74.435 56.984042) (xy 76.1025 56.984042) (xy 76.1025 57.315958) (xy 76.167254 57.641496)
        (xy 76.294272 57.948147) (xy 76.478675 58.224125) (xy 76.713375 58.458825) (xy 76.989353 58.643228) (xy 77.216948 58.7375)
        (xy 76.989353 58.831772) (xy 76.713375 59.016175) (xy 76.478675 59.250875) (xy 76.294272 59.526853) (xy 76.167254 59.833504)
        (xy 76.1025 60.159042) (xy 76.1025 60.490958) (xy 76.167254 60.816496) (xy 76.294272 61.123147) (xy 76.478675 61.399125)
        (xy 76.713375 61.633825) (xy 76.989353 61.818228) (xy 77.216948 61.9125) (xy 76.989353 62.006772) (xy 76.713375 62.191175)
        (xy 76.478675 62.425875) (xy 76.294272 62.701853) (xy 76.167254 63.008504) (xy 76.1025 63.334042) (xy 76.1025 63.665958)
        (xy 76.167254 63.991496) (xy 76.294272 64.298147) (xy 76.478675 64.574125) (xy 76.713375 64.808825) (xy 76.989353 64.993228)
        (xy 77.216948 65.0875) (xy 76.989353 65.181772) (xy 76.713375 65.366175) (xy 76.478675 65.600875) (xy 76.294272 65.876853)
        (xy 76.167254 66.183504) (xy 76.1025 66.509042) (xy 76.1025 66.840958) (xy 76.167254 67.166496) (xy 76.294272 67.473147)
        (xy 76.478675 67.749125) (xy 76.713375 67.983825) (xy 76.989353 68.168228) (xy 77.216948 68.2625) (xy 76.989353 68.356772)
        (xy 76.713375 68.541175) (xy 76.478675 68.775875) (xy 76.294272 69.051853) (xy 76.167254 69.358504) (xy 76.1025 69.684042)
        (xy 76.1025 70.015958) (xy 76.167254 70.341496) (xy 76.294272 70.648147) (xy 76.478675 70.924125) (xy 76.713375 71.158825)
        (xy 76.989353 71.343228) (xy 77.216948 71.4375) (xy 76.989353 71.531772) (xy 76.713375 71.716175) (xy 76.478675 71.950875)
        (xy 76.294272 72.226853) (xy 76.167254 72.533504) (xy 76.1025 72.859042) (xy 76.1025 73.190958) (xy 76.167254 73.516496)
        (xy 76.294272 73.823147) (xy 76.478675 74.099125) (xy 76.713375 74.333825) (xy 76.989353 74.518228) (xy 77.216948 74.6125)
        (xy 76.989353 74.706772) (xy 76.713375 74.891175) (xy 76.478675 75.125875) (xy 76.294272 75.401853) (xy 76.167254 75.708504)
        (xy 76.1025 76.034042) (xy 76.1025 76.365958) (xy 76.167254 76.691496) (xy 76.294272 76.998147) (xy 76.478675 77.274125)
        (xy 76.713375 77.508825) (xy 76.989353 77.693228) (xy 77.216948 77.7875) (xy 76.989353 77.881772) (xy 76.713375 78.066175)
        (xy 76.478675 78.300875) (xy 76.294272 78.576853) (xy 76.167254 78.883504) (xy 76.1025 79.209042) (xy 76.1025 79.540958)
        (xy 76.167254 79.866496) (xy 76.294272 80.173147) (xy 76.478675 80.449125) (xy 76.713375 80.683825) (xy 76.989353 80.868228)
        (xy 77.216948 80.9625) (xy 76.989353 81.056772) (xy 76.713375 81.241175) (xy 76.478675 81.475875) (xy 76.294272 81.751853)
        (xy 76.167254 82.058504) (xy 76.1025 82.384042) (xy 76.1025 82.715958) (xy 76.167254 83.041496) (xy 76.294272 83.348147)
        (xy 76.478675 83.624125) (xy 76.713375 83.858825) (xy 76.989353 84.043228) (xy 77.216948 84.1375) (xy 76.989353 84.231772)
        (xy 76.713375 84.416175) (xy 76.478675 84.650875) (xy 76.294272 84.926853) (xy 76.167254 85.233504) (xy 76.1025 85.559042)
        (xy 76.1025 85.890958) (xy 76.167254 86.216496) (xy 76.294272 86.523147) (xy 76.478675 86.799125) (xy 76.713375 87.033825)
        (xy 76.989353 87.218228) (xy 77.216948 87.3125) (xy 76.989353 87.406772) (xy 76.713375 87.591175) (xy 76.478675 87.825875)
        (xy 76.294272 88.101853) (xy 76.167254 88.408504) (xy 76.1025 88.734042) (xy 76.1025 89.065958) (xy 76.167254 89.391496)
        (xy 76.294272 89.698147) (xy 76.478675 89.974125) (xy 76.713375 90.208825) (xy 76.989353 90.393228) (xy 77.216948 90.4875)
        (xy 76.989353 90.581772) (xy 76.713375 90.766175) (xy 76.478675 91.000875) (xy 76.294272 91.276853) (xy 76.167254 91.583504)
        (xy 76.1025 91.909042) (xy 76.1025 92.240958) (xy 76.167254 92.566496) (xy 76.294272 92.873147) (xy 76.478675 93.149125)
        (xy 76.713375 93.383825) (xy 76.989353 93.568228) (xy 77.216948 93.6625) (xy 76.989353 93.756772) (xy 76.713375 93.941175)
        (xy 76.478675 94.175875) (xy 76.294272 94.451853) (xy 76.167254 94.758504) (xy 76.1025 95.084042) (xy 76.1025 95.415958)
        (xy 76.167254 95.741496) (xy 76.294272 96.048147) (xy 76.478675 96.324125) (xy 76.713375 96.558825) (xy 76.989353 96.743228)
        (xy 77.216948 96.8375) (xy 76.989353 96.931772) (xy 76.713375 97.116175) (xy 76.478675 97.350875) (xy 76.294272 97.626853)
        (xy 76.167254 97.933504) (xy 76.1025 98.259042) (xy 76.1025 98.590958) (xy 76.167254 98.916496) (xy 76.294272 99.223147)
        (xy 76.478675 99.499125) (xy 76.713375 99.733825) (xy 76.989353 99.918228) (xy 77.216948 100.0125) (xy 76.989353 100.106772)
        (xy 76.713375 100.291175) (xy 76.478675 100.525875) (xy 76.294272 100.801853) (xy 76.167254 101.108504) (xy 76.1025 101.434042)
        (xy 76.1025 101.765958) (xy 76.167254 102.091496) (xy 76.294272 102.398147) (xy 76.478675 102.674125) (xy 76.713375 102.908825)
        (xy 76.989353 103.093228) (xy 77.216948 103.1875) (xy 76.989353 103.281772) (xy 76.713375 103.466175) (xy 76.478675 103.700875)
        (xy 76.294272 103.976853) (xy 76.167254 104.283504) (xy 76.1025 104.609042) (xy 76.1025 104.940958) (xy 76.167254 105.266496)
        (xy 76.294272 105.573147) (xy 76.478675 105.849125) (xy 76.713375 106.083825) (xy 76.989353 106.268228) (xy 77.216948 106.3625)
        (xy 76.989353 106.456772) (xy 76.713375 106.641175) (xy 76.478675 106.875875) (xy 76.294272 107.151853) (xy 76.167254 107.458504)
        (xy 76.1025 107.784042) (xy 76.1025 108.115958) (xy 76.167254 108.441496) (xy 76.294272 108.748147) (xy 76.478675 109.024125)
        (xy 76.713375 109.258825) (xy 76.989353 109.443228) (xy 77.216948 109.5375) (xy 76.989353 109.631772) (xy 76.713375 109.816175)
        (xy 76.478675 110.050875) (xy 76.294272 110.326853) (xy 76.167254 110.633504) (xy 76.1025 110.959042) (xy 76.1025 111.290958)
        (xy 76.167254 111.616496) (xy 76.294272 111.923147) (xy 76.478675 112.199125) (xy 76.713375 112.433825) (xy 76.989353 112.618228)
        (xy 77.216948 112.7125) (xy 76.989353 112.806772) (xy 76.713375 112.991175) (xy 76.478675 113.225875) (xy 76.294272 113.501853)
        (xy 76.167254 113.808504) (xy 76.1025 114.134042) (xy 76.1025 114.465958) (xy 76.167254 114.791496) (xy 76.294272 115.098147)
        (xy 76.478675 115.374125) (xy 76.713375 115.608825) (xy 76.989353 115.793228) (xy 77.216948 115.8875) (xy 76.989353 115.981772)
        (xy 76.713375 116.166175) (xy 76.478675 116.400875) (xy 76.294272 116.676853) (xy 76.167254 116.983504) (xy 76.1025 117.309042)
        (xy 76.1025 117.640958) (xy 76.167254 117.966496) (xy 76.294272 118.273147) (xy 76.478675 118.549125) (xy 76.713375 118.783825)
        (xy 76.989353 118.968228) (xy 77.216948 119.0625) (xy 76.989353 119.156772) (xy 76.713375 119.341175) (xy 76.478675 119.575875)
        (xy 76.294272 119.851853) (xy 76.167254 120.158504) (xy 76.1025 120.484042) (xy 76.1025 120.815958) (xy 76.167254 121.141496)
        (xy 76.294272 121.448147) (xy 76.478675 121.724125) (xy 76.713375 121.958825) (xy 76.989353 122.143228) (xy 77.216948 122.2375)
        (xy 76.989353 122.331772) (xy 76.713375 122.516175) (xy 76.478675 122.750875) (xy 76.294272 123.026853) (xy 76.167254 123.333504)
        (xy 76.1025 123.659042) (xy 76.1025 123.990958) (xy 76.167254 124.316496) (xy 76.294272 124.623147) (xy 76.478675 124.899125)
        (xy 76.713375 125.133825) (xy 76.989353 125.318228) (xy 77.216948 125.4125) (xy 76.989353 125.506772) (xy 76.713375 125.691175)
        (xy 76.478675 125.925875) (xy 76.294272 126.201853) (xy 76.167254 126.508504) (xy 76.1025 126.834042) (xy 76.1025 127.165958)
        (xy 76.167254 127.491496) (xy 76.294272 127.798147) (xy 76.478675 128.074125) (xy 76.713375 128.308825) (xy 76.989353 128.493228)
        (xy 77.216948 128.5875) (xy 76.989353 128.681772) (xy 76.713375 128.866175) (xy 76.478675 129.100875) (xy 76.294272 129.376853)
        (xy 76.167254 129.683504) (xy 76.1025 130.009042) (xy 76.1025 130.340958) (xy 76.167254 130.666496) (xy 76.294272 130.973147)
        (xy 76.478675 131.249125) (xy 76.713375 131.483825) (xy 76.989353 131.668228) (xy 77.216948 131.7625) (xy 76.989353 131.856772)
        (xy 76.713375 132.041175) (xy 76.478675 132.275875) (xy 76.294272 132.551853) (xy 76.167254 132.858504) (xy 76.1025 133.184042)
        (xy 76.1025 133.515958) (xy 76.167254 133.841496) (xy 76.294272 134.148147) (xy 76.478675 134.424125) (xy 76.713375 134.658825)
        (xy 76.989353 134.843228) (xy 77.216948 134.9375) (xy 76.989353 135.031772) (xy 76.713375 135.216175) (xy 76.478675 135.450875)
        (xy 76.294272 135.726853) (xy 76.167254 136.033504) (xy 76.1025 136.359042) (xy 76.1025 136.690958) (xy 76.167254 137.016496)
        (xy 76.294272 137.323147) (xy 76.478675 137.599125) (xy 76.713375 137.833825) (xy 76.989353 138.018228) (xy 77.216948 138.1125)
        (xy 76.989353 138.206772) (xy 76.713375 138.391175) (xy 76.478675 138.625875) (xy 76.294272 138.901853) (xy 76.167254 139.208504)
        (xy 76.1025 139.534042) (xy 76.1025 139.865958) (xy 76.167254 140.191496) (xy 76.294272 140.498147) (xy 76.478675 140.774125)
        (xy 76.713375 141.008825) (xy 76.989353 141.193228) (xy 77.216948 141.2875) (xy 76.989353 141.381772) (xy 76.713375 141.566175)
        (xy 76.478675 141.800875) (xy 76.294272 142.076853) (xy 76.167254 142.383504) (xy 76.1025 142.709042) (xy 76.1025 143.040958)
        (xy 76.167254 143.366496) (xy 76.294272 143.673147) (xy 76.478675 143.949125) (xy 76.713375 144.183825) (xy 76.989353 144.368228)
        (xy 77.216948 144.4625) (xy 76.989353 144.556772) (xy 76.713375 144.741175) (xy 76.478675 144.975875) (xy 76.294272 145.251853)
        (xy 76.167254 145.558504) (xy 76.1025 145.884042) (xy 76.1025 146.215958) (xy 76.167254 146.541496) (xy 76.294272 146.848147)
        (xy 76.478675 147.124125) (xy 76.713375 147.358825) (xy 76.989353 147.543228) (xy 77.216948 147.6375) (xy 76.989353 147.731772)
        (xy 76.713375 147.916175) (xy 76.478675 148.150875) (xy 76.294272 148.426853) (xy 76.167254 148.733504) (xy 76.1025 149.059042)
        (xy 76.1025 149.390958) (xy 76.167254 149.716496) (xy 76.294272 150.023147) (xy 76.478675 150.299125) (xy 76.713375 150.533825)
        (xy 76.989353 150.718228) (xy 77.216948 150.8125) (xy 76.989353 150.906772) (xy 76.713375 151.091175) (xy 76.478675 151.325875)
        (xy 76.294272 151.601853) (xy 76.167254 151.908504) (xy 76.1025 152.234042) (xy 76.1025 152.565958) (xy 76.167254 152.891496)
        (xy 76.294272 153.198147) (xy 76.478675 153.474125) (xy 76.713375 153.708825) (xy 76.989353 153.893228) (xy 77.216948 153.9875)
        (xy 76.989353 154.081772) (xy 76.713375 154.266175) (xy 76.478675 154.500875) (xy 76.294272 154.776853) (xy 76.167254 155.083504)
        (xy 76.1025 155.409042) (xy 76.1025 155.740958) (xy 76.167254 156.066496) (xy 76.294272 156.373147) (xy 76.478675 156.649125)
        (xy 76.713375 156.883825) (xy 76.989353 157.068228) (xy 77.216948 157.1625) (xy 76.989353 157.256772) (xy 76.713375 157.441175)
        (xy 76.478675 157.675875) (xy 76.294272 157.951853) (xy 76.167254 158.258504) (xy 76.1025 158.584042) (xy 76.1025 158.915958)
        (xy 76.167254 159.241496) (xy 76.294272 159.548147) (xy 76.478675 159.824125) (xy 76.713375 160.058825) (xy 76.989353 160.243228)
        (xy 77.216948 160.3375) (xy 76.989353 160.431772) (xy 76.713375 160.616175) (xy 76.478675 160.850875) (xy 76.294272 161.126853)
        (xy 76.167254 161.433504) (xy 76.1025 161.759042) (xy 76.1025 162.090958) (xy 76.167254 162.416496) (xy 76.294272 162.723147)
        (xy 76.478675 162.999125) (xy 76.713375 163.233825) (xy 76.989353 163.418228) (xy 77.216948 163.5125) (xy 76.989353 163.606772)
        (xy 76.713375 163.791175) (xy 76.478675 164.025875) (xy 76.294272 164.301853) (xy 76.167254 164.608504) (xy 76.1025 164.934042)
        (xy 76.1025 165.265958) (xy 76.167254 165.591496) (xy 76.294272 165.898147) (xy 76.478675 166.174125) (xy 76.713375 166.408825)
        (xy 76.989353 166.593228) (xy 77.216948 166.6875) (xy 76.989353 166.781772) (xy 76.713375 166.966175) (xy 76.478675 167.200875)
        (xy 76.294272 167.476853) (xy 76.167254 167.783504) (xy 76.1025 168.109042) (xy 76.1025 168.440958) (xy 76.167254 168.766496)
        (xy 76.294272 169.073147) (xy 76.478675 169.349125) (xy 76.713375 169.583825) (xy 76.989353 169.768228) (xy 77.216948 169.8625)
        (xy 76.989353 169.956772) (xy 76.713375 170.141175) (xy 76.478675 170.375875) (xy 76.294272 170.651853) (xy 76.167254 170.958504)
        (xy 76.1025 171.284042) (xy 76.1025 171.615958) (xy 76.167254 171.941496) (xy 76.294272 172.248147) (xy 76.478675 172.524125)
        (xy 76.713375 172.758825) (xy 76.989353 172.943228) (xy 77.216948 173.0375) (xy 76.989353 173.131772) (xy 76.713375 173.316175)
        (xy 76.478675 173.550875) (xy 76.294272 173.826853) (xy 76.167254 174.133504) (xy 76.1025 174.459042) (xy 76.1025 174.790958)
        (xy 76.167254 175.116496) (xy 76.294272 175.423147) (xy 76.478675 175.699125) (xy 76.713375 175.933825) (xy 76.989353 176.118228)
        (xy 77.216948 176.2125) (xy 76.989353 176.306772) (xy 76.713375 176.491175) (xy 76.478675 176.725875) (xy 76.294272 177.001853)
        (xy 76.167254 177.308504) (xy 76.1025 177.634042) (xy 76.1025 177.965958) (xy 76.167254 178.291496) (xy 76.294272 178.598147)
        (xy 76.478675 178.874125) (xy 76.713375 179.108825) (xy 76.989353 179.293228) (xy 77.216948 179.3875) (xy 76.989353 179.481772)
        (xy 76.713375 179.666175) (xy 76.478675 179.900875) (xy 76.294272 180.176853) (xy 76.167254 180.483504) (xy 76.1025 180.809042)
        (xy 76.1025 181.140958) (xy 76.167254 181.466496) (xy 76.294272 181.773147) (xy 76.478675 182.049125) (xy 76.713375 182.283825)
        (xy 76.989353 182.468228) (xy 77.216948 182.5625) (xy 76.989353 182.656772) (xy 76.713375 182.841175) (xy 76.478675 183.075875)
        (xy 76.294272 183.351853) (xy 76.167254 183.658504) (xy 76.1025 183.984042) (xy 76.1025 184.315958) (xy 76.167254 184.641496)
        (xy 76.294272 184.948147) (xy 76.478675 185.224125) (xy 76.713375 185.458825) (xy 76.989353 185.643228) (xy 77.216948 185.7375)
        (xy 76.989353 185.831772) (xy 76.713375 186.016175) (xy 76.478675 186.250875) (xy 76.294272 186.526853) (xy 76.167254 186.833504)
        (xy 76.1025 187.159042) (xy 76.1025 187.490958) (xy 76.167254 187.816496) (xy 76.294272 188.123147) (xy 76.478675 188.399125)
        (xy 76.713375 188.633825) (xy 76.989353 188.818228) (xy 77.296004 188.945246) (xy 77.621542 189.01) (xy 77.953458 189.01)
        (xy 78.278996 188.945246) (xy 78.585647 188.818228) (xy 78.861625 188.633825) (xy 79.096325 188.399125) (xy 79.280728 188.123147)
        (xy 79.407746 187.816496) (xy 79.4725 187.490958) (xy 79.4725 187.159042) (xy 79.407746 186.833504) (xy 79.280728 186.526853)
        (xy 79.096325 186.250875) (xy 78.861625 186.016175) (xy 78.585647 185.831772) (xy 78.358052 185.7375) (xy 78.585647 185.643228)
        (xy 78.861625 185.458825) (xy 79.096325 185.224125) (xy 79.280728 184.948147) (xy 79.407746 184.641496) (xy 79.4725 184.315958)
        (xy 79.4725 183.984042) (xy 79.407746 183.658504) (xy 79.280728 183.351853) (xy 79.096325 183.075875) (xy 78.861625 182.841175)
        (xy 78.585647 182.656772) (xy 78.358052 182.5625) (xy 78.585647 182.468228) (xy 78.861625 182.283825) (xy 79.096325 182.049125)
        (xy 79.280728 181.773147) (xy 79.407746 181.466496) (xy 79.4725 181.140958) (xy 79.4725 180.809042) (xy 79.407746 180.483504)
        (xy 79.280728 180.176853) (xy 79.096325 179.900875) (xy 78.861625 179.666175) (xy 78.585647 179.481772) (xy 78.358052 179.3875)
        (xy 78.585647 179.293228) (xy 78.861625 179.108825) (xy 79.096325 178.874125) (xy 79.280728 178.598147) (xy 79.407746 178.291496)
        (xy 79.4725 177.965958) (xy 79.4725 177.634042) (xy 79.407746 177.308504) (xy 79.280728 177.001853) (xy 79.096325 176.725875)
        (xy 78.861625 176.491175) (xy 78.585647 176.306772) (xy 78.358052 176.2125) (xy 78.585647 176.118228) (xy 78.861625 175.933825)
        (xy 79.096325 175.699125) (xy 79.280728 175.423147) (xy 79.407746 175.116496) (xy 79.4725 174.790958) (xy 79.4725 174.459042)
        (xy 79.407746 174.133504) (xy 79.280728 173.826853) (xy 79.096325 173.550875) (xy 78.861625 173.316175) (xy 78.585647 173.131772)
        (xy 78.358052 173.0375) (xy 78.585647 172.943228) (xy 78.861625 172.758825) (xy 79.096325 172.524125) (xy 79.280728 172.248147)
        (xy 79.407746 171.941496) (xy 79.4725 171.615958) (xy 79.4725 171.284042) (xy 79.407746 170.958504) (xy 79.280728 170.651853)
        (xy 79.096325 170.375875) (xy 78.861625 170.141175) (xy 78.585647 169.956772) (xy 78.358052 169.8625) (xy 78.585647 169.768228)
        (xy 78.861625 169.583825) (xy 79.096325 169.349125) (xy 79.280728 169.073147) (xy 79.407746 168.766496) (xy 79.4725 168.440958)
        (xy 79.4725 168.109042) (xy 79.407746 167.783504) (xy 79.280728 167.476853) (xy 79.096325 167.200875) (xy 78.861625 166.966175)
        (xy 78.585647 166.781772) (xy 78.358052 166.6875) (xy 78.585647 166.593228) (xy 78.861625 166.408825) (xy 79.096325 166.174125)
        (xy 79.280728 165.898147) (xy 79.407746 165.591496) (xy 79.4725 165.265958) (xy 79.4725 164.934042) (xy 79.407746 164.608504)
        (xy 79.280728 164.301853) (xy 79.096325 164.025875) (xy 78.861625 163.791175) (xy 78.585647 163.606772) (xy 78.358052 163.5125)
        (xy 78.585647 163.418228) (xy 78.861625 163.233825) (xy 79.096325 162.999125) (xy 79.280728 162.723147) (xy 79.407746 162.416496)
        (xy 79.4725 162.090958) (xy 79.4725 161.759042) (xy 79.407746 161.433504) (xy 79.280728 161.126853) (xy 79.096325 160.850875)
        (xy 78.861625 160.616175) (xy 78.585647 160.431772) (xy 78.358052 160.3375) (xy 78.585647 160.243228) (xy 78.861625 160.058825)
        (xy 79.096325 159.824125) (xy 79.280728 159.548147) (xy 79.407746 159.241496) (xy 79.4725 158.915958) (xy 79.4725 158.584042)
        (xy 79.407746 158.258504) (xy 79.280728 157.951853) (xy 79.096325 157.675875) (xy 78.861625 157.441175) (xy 78.585647 157.256772)
        (xy 78.358052 157.1625) (xy 78.585647 157.068228) (xy 78.861625 156.883825) (xy 79.096325 156.649125) (xy 79.280728 156.373147)
        (xy 79.407746 156.066496) (xy 79.4725 155.740958) (xy 79.4725 155.409042) (xy 79.407746 155.083504) (xy 79.280728 154.776853)
        (xy 79.096325 154.500875) (xy 78.861625 154.266175) (xy 78.585647 154.081772) (xy 78.358052 153.9875) (xy 78.585647 153.893228)
        (xy 78.861625 153.708825) (xy 79.096325 153.474125) (xy 79.280728 153.198147) (xy 79.407746 152.891496) (xy 79.4725 152.565958)
